1142
215
213
210
762
663
764
132
137
494
496
25
26
696
694
405
4
280
285
286
678
716
715
713
1014
122
124
125
127
129
269
1082
58
50
537
535
298
297
295
926
291
708
198
597
195
707
191
190
864
272
89
111
275
276
69
278
83
86
118
928
7
421
367
529
301
302
303
304
306
245
244
246
385
100
106
248
845
844
22
290
647
511
433
516
588
451
258
64
117
176
175
174
173
172
255
972
431
183
181
508
509
568
751
196
756
39
463
462
8
228
95
222
97
11
13
12
14
19
88
709
273
274
408
151
372
559
235
237
45
955
1
5
203
896
208
148
1007
73
71
70
487
486
1283
1048
472
473
471
476
477
684
479
169
216
42
218
660
1074
28
289
288
283
282
815
287
87
1315
570
676
262
126
268
51
534
293
988
318
313
197
317
315
393
81
204
416
1009
1016
365
1011
1012
582
443
1281
305
381
382
241
387
846
38
781
33
518
1247
1008
1226
620
1221
628
333
332
65
66
1160
251
170
974
732
79
651
739
738
311
469
737
903
639
736
566
98
702
91
226
93
223
161
221
220
15
1023
866
724
722
1101
150
886
747
748
1096
238
234
1053
48
49
44
43
40
956
323
1117
325
9
200
143
772
655
485
481
1047
949
879
941
356
470
211
640
219
133
164
693
669
541
546
932
549
1090
712
673
120
121
967
128
2
520
54
56
53
415
576
294
375
392
110
394
831
1018
369
366
1258
1231
1232
300
1135
785
842
31
642
515
1222
572
571
455
1228
62
259
67
68
977
182
180
186
187
403
569
1210
1217
561
168
167
94
96
1025
17
727
720
153
742
743
395
746
156
158
550
232
233
959
951
322
144
141
616
77
76
72
809
685
802
763
692
699
819
404
544
163
284
123
55
363
410
411
371
827
820
595
982
1088
271
85
257
829
423
24
386
105
841
177
147
435
432
252
627
468
249
188
501
930
465
460
192
721
1035
427
609
239
357
1059
871
260
324
328
1291
202
689
475
686
806
199
662
497
428
402
504
584
205
265
480
946
378
417
418
881
887
1280
948
876
877
330
1527
299
292
908
335
358
212
131
135
23
1073
1070
1071
818
57
591
319
193
114
833
1170
3
523
1528
1103
412
531
240
32
108
514
517
1128
1166
574
1167
179
975
656
657
654
507
189
547
165
965
723
607
606
558
1163
789
236
152
1057
950
952
873
327
149
483
482
47
478
1368
217
1140
1267
130
498
499
134
20
1067
536
530
921
823
194
980
703
82
792
429
527
919
521
425
449
581
1132
786
510
458
334
744
250
555
735
466
461
229
10
961
963
1039
116
729
159
231
1194
1112
778
614
474
902
338
878
321
326
342
339
308
892
901
895
243
261
682
1393
310
270
690
890
893
898
307
266
750
538
596
834
406
1120
934
225
107
1061
924
459
985
619
847
1028
370
309
331
355
264
349
281
329
1165
880
336
986
1264
979
346
368
1010
1259
994
826
1312
717
1134
109
929
825
824
922
456
254
162
185
659
995
312
1051
1137
1282
1269
525
661
227
495
490
491
492
493
340
52
136
605
705
399
836
837
420
102
419
519
648
430
622
505
502
630
632
633
1124
99
1126
160
740
969
604
601
603
602
1203
1050
1113
142
610
615
489
484
1286
761
27
697
380
101
629
976
145
658
755
1215
564
90
1188
157
206
944
1152
882
752
1127
344
345
362
1176
1434
1431
539
768
542
1469
401
400
812
996
1091
59
376
776
1480
796
794
790
585
178
843
1220
575
60
61
63
731
1503
652
1037
560
506
787
388
728
553
1055
1178
78
1043
1040
214
343
1466
923
704
277
447
905
909
316
966
16
1518
154
1168
230
1190
1446
1115
1119
1118
155
488
710
1046
92
874
1019
691
1038
775
1355
643
1406
760
1149
138
939
816
993
1151
1065
441
103
925
637
562
749
1199
1110
201
1277
942
242
1278
533
1388
532
296
253
1268
767
1079
931
679
674
1098
593
256
741
1401
528
583
1335
30
1005
512
578
171
1208
971
1428
650
631
636
467
1597
960
863
1109
557
1206
80
46
209
1042
1682
21
835
625
548
638
383
374
554
849
29
1314
350
414
436
184
613
503
526
1346
1141
1300
543
347
1379
813
1068
962
1036
513
522
915
916
970
645
1006
1227
577
855
730
733
1506
753
1214
811
166
115
1021
1020
1056
954
354
279
1284
688
267
984
1136
34
1296
687
413
1081
1089
1013
840
1245
872
997
1133
389
624
450
1459
1297
1473
665
589
653
320
1147
933
1311
1017
426
139
36
1333
646
649
1248
1209
1229
780
810
1161
1298
770
1041
1044
943
804
832
1336
434
1285
683
1305
565
1303
41
1078
1077
540
1376
774
1157
672
379
592
1083
391
396
773
798
1253
1139
1239
384
1244
1505
1219
567
551
552
563
140
670
1273
801
1489
940
1471
1478
856
1111
580
1099
1129
6
1331
807
1085
1265
936
409
1623
1319
263
1620
1060
875
900
782
854
754
224
1187
1184
1377
1514
885
1022
680
1275
1276
989
1326
1354
1094
1169
990
1534
1084
771
797
1052
1193
1030
1407
500
1415
1418
373
1413
1414
1416
1417
991
1093
1411
1412
1409
1410
783
623
1408
1107
1207
1058
1045
1419
808
1420
779
947
1241
891
1313
407
869
1405
1171
714
671
452
800
1266
1063
448
1066
719
590
104
853
1172
1274
1482
397
84
586
1131
1213
1000
74
364
734
1031
1218
1240
803
769
1481
759
1483
1180
725
1490
1491
1492
1493
1494
1495
1496
1497
1498
1499
1087
1121
1402
1230
444
1242
644
556
1195
146
1271
945
1288
1485
1484
398
1437
1435
1001
1224
978
207
1501
666
992
1034
464
805
1072
1095
1321
1250
390
1032
1185
1182
1181
1162
1205
1444
1154
1553
1540
612
1421
1204
700
1454
1456
1560
618
1211
634
868
935
1069
1472
888
1357
1618
1254
983
337
1372
1318
1367
1294
1062
360
695
859
635
1183
883
1504
361
1591
904
1105
981
359
1252
1097
1598
1601
906
912
718
545
667
1076
675
524
445
1237
348
1234
1236
1233
1238
828
1243
1381
352
937
112
838
247
573
1033
758
1029
681
611
1026
1024
899
865
1054
377
422
35
1531
1425
1509
862
726
998
1287
1049
664
1159
641
457
1610
1328
1600
1468
821
1522
454
1263
1262
1599
698
1075
1148
1153
1404
1197
424
587
1552
351
1347
1375
1526
1524
1108
608
1202
870
1198
999
579
958
1100
894
1150
757
1677
1143
1676
987
1675
1337
353
1615
1537
745
1192
964
18
889
1200
1196
617
1201
1212
1216
1116
968
765
1225
1223
860
1299
1556
1660
1659
1246
1015
1003
1631
1427
1443
1621
1304
1439
1451
701
1332
1397
1064
1123
1453
1330
850
626
1460
1463
927
1455
1450
1458
119
848
1186
1447
1445
1449
1448
1464
1102
621
113
37
75
1293
1279
1002
1292
1289
1558
1316
440
446
668
1295
341
1301
1394
914
911
1440
1655
795
453
1386
1383
817
706
439
437
858
791
1004
1261
1399
1391
1400
1546
1334
438
1353
1177
1175
1179
1470
1474
1475
1479
1577
1576
1575
1574
1307
793
920
1432
1438
861
1579
1578
1571
1570
1146
1260
1548
1549
1317
1384
1387
1382
1338
788
1588
1422
1424
1583
1580
1581
1587
1584
1585
1359
1572
1517
1535
1249
1569
1562
1554
1550
1555
1557
1559
1529
1423
1589
1592
1027
1487
953
1568
1441
1290
1563
1564
1565
1566
1567
938
600
1512
1573
1392
1593
1541
1360
1369
1145
918
1523
1092
1672
1622
1646
1462
598
1530
1322
1513
1545
1257
799
1255
1251
1642
766
1628
1174
1539
1270
1191
1371
822
1086
1173
1302
1378
1345
1348
1349
1340
1341
1342
1343
884
1385
1373
1358
1352
1351
1350
1356
1323
1320
1327
1324
1325
1329
1395
1164
1114
1362
1364
1363
1361
1544
677
1625
1624
1344
1488
1155
1158
1508
1467
1465
1617
1612
1430
1603
1547
1396
1403
973
1627
711
814
917
913
907
857
851
852
867
777
314
830
839
784
897
910
957
1679
1678
1607
1680
1138
1664
1130
1652
1106
1398
1426
1436
1272
1429
1433
1156
1532
1538
1629
1370
1650
594
1644
1647
1641
1643
1649
1648
1602
1605
1256
1630
1633
1634
1636
1638
1639
1380
1511
1619
1442
1516
1521
1594
1189
442
1520
1519
1673
1533
1536
1500
1144
1670
1669
1666
1662
1658
1390
1668
1667
1665
1389
1477
1611
1609
1608
1122
1125
1374
1606
1306
1308
1309
1310
1080
1681
1626
1502
1653
1654
1476
1104
1595
1596
1515
1510
1674
1657
1542
1613
